P0(x0)=52.000000
P1(x0)=91.000000
P2(x0)=102.000000
P3(x0)=72.000000
P4(x0)=24.000000
