P0(x0)=98.000000
P1(x0)=20.000000
P2(x0)=2.000000
