P0(x0)=86.000000
P1(x0)=69.500000
P2(x0)=40.000000
P3(x0)=12.000000
