P0(x0)=-6.000000
P1(x0)=-21.000000
P2(x0)=-20.000000
P3(x0)=12.000000
P4(x0)=24.000000
