P0(x0)=909.000000
P1(x0)=1688.000000
P2(x0)=2500.000000
P3(x0)=2748.000000
P4(x0)=1992.000000
P5(x0)=720.000000
P6(x0)=0.000000
P7(x0)=0.000000
